NOM	CODE_COM	POP_TOT	POP_MAS	POP_FEM
ABANCOURT	59001	448	237	211
ABSCON	59002	4228	2024	2204
AIBES	59003	361	180	181
AIX	59004	1101	541	560
ALLENNES-LES-MARAIS	59005	3337	1643	1694
AMFROIPRET	59006	222	115	107
ANHIERS	59007	968	468	500
ANICHE	59008	10347	4930	5417
ANNOEULLIN	59011	9663	4649	5014
ANOR	59012	3280	1603	1677
ANSTAING	59013	1267	613	654
ANZIN	59014	13412	6397	7015
ARLEUX	59015	2935	1401	1534
ARMBOUTS-CAPPEL	59016	2497	1230	1267
ARMENTIERES	59017	25375	12384	12991
ARNEKE	59018	1583	753	830
ARTRES	59019	1034	527	507
ASSEVENT	59021	1757	834	923
ATTICHES	59022	2309	1188	1121
AUBENCHEUL-AU-BAC	59023	465	236	229
AUBERCHICOURT	59024	4573	2180	2393
AUBERS	59025	1528	762	766
AUBIGNY-AU-BAC	59026	1217	598	619
AUBRY-DU-HAINAUT	59027	1468	684	784
AUBY	59028	7535	3576	3959
AUCHY-LEZ-ORCHIES	59029	1478	733	745
AUDIGNIES	59031	297	149	148
AULNOY-LEZ-VALENCIENNES	59032	7280	3628	3652
AULNOYE-AYMERIES	59033	8642	4054	4588
AVELIN	59034	2559	1242	1317
AVESNELLES	59035	2505	1201	1304
AVESNES-LE-SEC	59038	1358	659	699
AVESNES-LES-AUBERT	59037	3672	1808	1864
AVESNES-SUR-HELPE	59036	4976	2340	2636
AWOINGT	59039	693	355	338
BACHANT	59041	2398	1162	1236
BACHY	59042	1448	753	695
BAILLEUL	59043	14480	6968	7512
BAISIEUX	59044	4452	2189	2263
BAIVES	59045	157	66	91
BAMBECQUE	59046	729	370	359
BANTEUX	59047	323	167	156
BANTIGNY	59048	470	234	236
BANTOUZELLE	59049	409	210	199
BAS-LIEU	59050	313	152	161
BAUVIN	59052	5265	2571	2694
BAVAY	59053	3516	1673	1843
BAVINCHOVE	59054	921	467	454
BAZUEL	59055	566	278	288
BEAUCAMPS-LIGNY	59056	889	455	434
BEAUDIGNIES	59057	571	299	272
BEAUFORT	59058	961	491	470
BEAUMONT-EN-CAMBRESIS	59059	466	216	250
BEAURAIN	59060	228	117	111
BEAUREPAIRE-SUR-SAMBRE	59061	255	127	128
BEAURIEUX	59062	168	81	87
BEAUVOIS-EN-CAMBRESIS	59063	2143	1038	1105
BELLAING	59064	1194	571	623
BELLIGNIES	59065	894	454	440
BERELLES	59066	165	83	82
BERGUES	59067	3886	1800	2086
BERLAIMONT	59068	3193	1549	1644
BERMERAIN	59069	651	338	313
BERMERIES	59070	404	197	207
BERSEE	59071	2262	1137	1125
BERSILLIES	59072	264	135	129
BERTHEN	59073	506	261	245
BERTRY	59074	2210	1088	1122
BETHENCOURT	59075	749	378	371
BETTIGNIES	59076	262	131	131
BETTRECHIES	59077	247	111	136
BEUGNIES	59078	581	296	285
BEUVRAGES	59079	6652	3203	3449
BEUVRY-LA-FORET	59080	2737	1366	1371
BEVILLERS	59081	555	282	273
BIERNE	59082	1644	813	831
BISSEZEELE	59083	213	111	102
BLARINGHEM	59084	2000	1006	994
BLECOURT	59085	360	168	192
BOESCHEPE	59086	2197	1095	1102
BOËSEGHEM	59087	712	367	345
BOIS-GRENIER	59088	1521	774	747
BOLLEZEELE	59089	1403	682	721
BONDUES	59090	3267	1587	1680
BORRE	59091	573	287	287
BOUCHAIN	59092	4053	1934	2119
BOULOGNE-SUR-HELPE	59093	328	169	159
BOURBOURG	59094	6911	3317	3594
BOURGHELLES	59096	1563	765	798
BOURSIES	59097	339	157	182
BOUSBECQUE	59098	4702	2321	2381
BOUSIES	59099	1699	859	840
BOUSIGNIES	59100	315	162	153
BOUSIGNIES-SUR-ROC	59101	432	225	207
BOUSSIERES-EN-CAMBRESIS	59102	428	205	223
BOUSSIERES-SUR-SAMBRE	59103	523	261	262
BOUSSOIS	59104	3259	1564	1695
BOUVIGNIES	59105	1517	758	759
BOUVINES	59106	709	344	365
BRAY-DUNES	59107	4666	2246	2420
BRIASTRE	59108	720	362	358
BRILLON	59109	735	352	383
BROUCKERQUE	59110	1281	616	665
BROXEELE	59111	304	156	148
BRUAY-SUR-L'ESCAUT	59112	12276	5935	6341
BRUILLE-LEZ-MARCHIENNES	59113	1338	649	689
BRUILLE-SAINT-AMAND	59114	1614	819	795
BRUNEMONT	59115	635	310	325
BRY	59116	376	186	190
BUGNICOURT	59117	952	481	471
BUSIGNY	59118	2559	1223	1336
BUYSSCHEURE	59119	513	261	252
CAËSTRE	59120	1812	888	924
CAGNONCLES	59121	539	287	252
CAMBRAI	59122	32584	15203	17381
CAMPHIN-EN-CAREMBAULT	59123	1636	829	807
CAMPHIN-EN-PEVELE	59124	1977	977	1000
CANTAING-SUR-ESCAUT	59125	423	212	211
CANTIN	59126	1450	755	695
CAPELLE	59127	161	86	75
CAPINGHEM	59128	1620	788	832
CAPPELLE-BROUCK	59130	1148	590	558
CAPPELLE-EN-PEVELE	59129	2119	1083	1036
CAPPELLE-LA-GRANDE	59131	8173	3935	4238
CARNIERES	59132	1070	525	545
CARNIN	59133	989	496	493
CARTIGNIES	59134	1249	620	629
CASSEL	59135	2287	1107	1180
CATILLON-SUR-SAMBRE	59137	837	421	416
CATTENIERES	59138	676	337	339
CAUDRY	59139	14393	6762	7631
CAULLERY	59140	466	221	245
CAUROIR	59141	572	290	282
CERFONTAINE	59142	586	286	300
CHÂTEAU-L'ABBAYE	59144	868	419	449
CHEMY	59145	645	312	333
CHERENG	59146	3014	1470	1544
CHOISIES	59147	67	30	37
CLAIRFAYTS	59148	368	189	179
CLARY	59149	1146	569	577
COBRIEUX	59150	527	262	265
COLLERET	59151	1679	848	831
COMINES	59152	12372	5960	6412
CONDE-SUR-L'ESCAUT	59153	9731	4708	5023
COUDEKERQUE-BRANCHE	59155	22474	10817	11657
COUDEKERQUE-VILLAGE	59154	1167	592	575
COURCHELETTES	59156	2712	1330	1382
COUSOLRE	59157	2395	1199	1196
COUTICHES	59158	2738	1379	1359
CRAYWICK	59159	597	296	301
CRESPIN	59160	4465	2157	2308
CREVECOEUR-SUR-L'ESCAUT	59161	678	328	350
CROCHTE	59162	713	367	346
CROIX	59163	20676	9600	11076
CROIX-CALUYAU	59164	245	129	116
CUINCY	59165	6626	3157	3469
CURGIES	59166	1091	550	541
CUVILLERS	59167	201	98	103
CYSOING	59168	4563	2213	2350
DAMOUSIES	59169	229	114	115
DECHY	59170	5135	2459	2676
DEHERIES	59171	43	19	24
DENAIN	59172	20351	9612	10739
DEÛLEMONT	59173	1690	865	825
DIMECHAUX	59174	351	158	193
DIMONT	59175	326	172	154
DOIGNIES	59176	296	141	155
DOMPIERRE-SUR-HELPE	59177	925	456	469
DON	59670	1365	647	718
DOUAI	59178	42197	20458	21739
DOUCHY-LES-MINES	59179	10425	4909	5516
DOURLERS	59181	551	280	271
DRINCHAM	59182	259	130	130
DUNKERQUE	59183	92005	44308	47697
EBBLINGHEM	59184	657	352	305
ECAILLON	59185	2002	935	1067
ECCLES	59186	100	51	49
ECLAIBES	59187	280	140	140
ECUELIN	59188	111	61	50
EECKE	59189	1166	591	575
ELESMES	59190	909	437	472
ELINCOURT	59191	635	319	316
EMERCHICOURT	59192	884	431	453
EMMERIN	59193	3199	1566	1633
ENGLEFONTAINE	59194	1305	633	672
ENGLOS	59195	563	300	263
ENNETIERES-EN-WEPPES	59196	1190	609	581
ENNEVELIN	59197	2157	1084	1073
EPPE-SAUVAGE	59198	268	135	133
ERCHIN	59199	766	364	402
ERINGHEM	59200	470	235	235
ERQUINGHEM-LE-SEC	59201	534	273	261
ERQUINGHEM-LYS	59202	4535	2188	2347
ERRE	59203	1448	737	711
ESCAUDAIN	59205	9149	4306	4843
ESCAUDOEUVRES	59206	3415	1664	1751
ESCAUTPONT	59207	4237	1995	2242
ESCOBECQUES	59208	307	149	158
ESNES	59209	660	333	327
ESQUELBECQ	59210	2145	1050	1095
ESQUERCHIN	59211	884	420	464
ESTAIRES	59212	5992	2910	3082
ESTOURMEL	59213	453	233	220
ESTREES	59214	967	465	502
ESTREUX	59215	961	473	488
ESTRUN	59219	673	335	338
ESWARS	59216	354	182	172
ETH	59217	328	154	174
ETROEUNGT	59218	1390	697	693
FACHES-THUMESNIL	59220	17407	8011	9396
FAMARS	59221	2519	1296	1223
FAUMONT	59222	2096	1026	1070
FECHAIN	59224	1849	863	986
FEIGNIES	59225	7222	3535	3687
FELLERIES	59226	1606	777	829
FENAIN	59227	5355	2567	2788
FERIN	59228	1462	735	727
FERON	59229	548	286	262
FERRIERE-LA-GRANDE	59230	5464	2612	2852
FERRIERE-LA-PETITE	59231	1018	507	511
FLAUMONT-WAUDRECHIES	59233	371	174	197
FLERS-EN-ESCREBIEUX	59234	5624	2682	2942
FLESQUIERES	59236	276	124	152
FLETRE	59237	923	474	449
FLINES-LES-MORTAGNE	59238	1645	805	840
FLINES-LEZ-RACHES	59239	5443	2680	2763
FLOURSIES	59240	138	68	70
FLOYON	59241	513	257	256
FONTAINE-AU-BOIS	59242	661	319	342
FONTAINE-AU-PIRE	59243	1192	570	622
FONTAINE-NOTRE-DAME	59244	1717	856	861
FOREST-EN-CAMBRESIS	59246	549	278	271
FOREST-SUR-MARQUE	59247	1446	722	724
FOURMIES	59249	12687	6002	6685
FOURNES-EN-WEPPES	59250	2035	988	1047
FRASNOY	59251	342	175	167
FRELINGHIEN	59252	2483	1223	1260
FRESNES-SUR-ESCAUT	59253	7676	3742	3934
FRESSAIN	59254	873	431	442
FRESSIES	59255	559	279	280
FRETIN	59256	3309	1606	1703
FROMELLES	59257	861	433	428
GENECH	59258	2605	1405	1200
GHISSIGNIES	59259	483	239	244
GHYVELDE	59260	3266	1604	1662
GLAGEON	59261	1833	897	936
GODEWAERSVELDE	59262	2026	1055	971
GOEULZIN	59263	1057	501	556
GOGNIES-CHAUSSEE	59264	789	384	405
GOMMEGNIES	59265	2265	1121	1144
GONDECOURT	59266	3967	1945	2022
GONNELIEU	59267	329	154	175
GOUZEAUCOURT	59269	1432	730	702
GRAND-FAYT	59270	515	252	263
GRAND-FORT-PHILIPPE	59272	5434	2614	2820
GRANDE-SYNTHE	59271	20991	10292	10699
GRAVELINES	59273	11516	5619	5897
GRUSON	59275	1145	560	585
GUESNAIN	59276	4660	2141	2519
GUSSIGNIES	59277	350	184	166
HALLENNES-LEZ-HAUBOURDIN	59278	3997	1932	2065
HALLUIN	59279	20199	9930	10269
HAMEL	59280	780	384	396
HANTAY	59281	1046	510	536
HARDIFORT	59282	382	195	187
HARGNIES	59283	583	307	276
HASNON	59284	3721	1816	1905
HASPRES	59285	2800	1386	1414
HAUBOURDIN	59286	14455	6785	7670
HAUCOURT-EN-CAMBRESIS	59287	209	104	105
HAULCHIN	59288	2371	1150	1221
HAUSSY	59289	1550	787	763
HAUT-LIEU	59290	389	191	198
HAUTMONT	59291	14239	6764	7475
HAVELUY	59292	3088	1499	1589
HAVERSKERQUE	59293	1472	730	742
HAYNECOURT	59294	594	393	201
HAZEBROUCK	59295	21598	10593	11005
HECQ	59296	353	179	174
HELESMES	59297	1942	955	987
HEM	59299	17369	8376	8993
HEM-LENGLET	59300	580	297	283
HERGNIES	59301	4276	2130	2146
HERIN	59302	3840	1853	1987
HERLIES	59303	2147	1027	1120
HERRIN	59304	403	194	209
HERZEELE	59305	1518	763	755
HESTRUD	59306	291	151	140
HOLQUE	59307	935	464	471
HON-HERGIES	59310	830	432	398
HONDEGHEM	59308	931	454	477
HONDSCHOOTE	59309	4106	1985	2121
HONNECHY	59311	528	258	270
HONNECOURT-SUR-ESCAUT	59312	743	362	381
HORDAIN	59313	1472	690	782
HORNAING	59314	3426	1663	1763
HOUDAIN-LEZ-BAVAY	59315	868	441	427
HOUPLIN-ANCOISNE	59316	3431	1682	1749
HOUPLINES	59317	7611	3630	3981
HOUTKERQUE	59318	991	513	478
HOYMILLE	59319	3192	1543	1649
ILLIES	59320	1419	688	731
INCHY	59321	729	357	372
IWUY	59322	3200	1584	1616
JENLAIN	59323	1054	513	541
JEUMONT	59324	9772	4668	5104
JOLIMETZ	59325	890	449	441
KILLEM	59326	964	492	472
LA BASSEE	59051	6235	2957	3278
LA CHAPELLE-D'ARMENTIERES	59143	8259	3935	4324
LA FLAMENGRIE	59232	423	228	195
LA GORGUE	59268	5956	2915	3041
LA GROISE	59274	469	235	235
LA LONGUEVILLE	59357	2181	1074	1107
LA MADELEINE	59368	22442	10415	12027
LA NEUVILLE	59427	680	339	341
LA SENTINELLE	59564	3322	1666	1656
LALLAING	59327	6525	3091	3434
LAMBERSART	59328	28504	13372	15132
LAMBRES-LEZ-DOUAI	59329	5092	2424	2668
LANDAS	59330	2377	1159	1218
LANDRECIES	59331	3581	1708	1873
LANNOY	59332	1718	752	966
LAROUILLIES	59333	271	133	138
LAUWIN-PLANQUE	59334	1806	896	910
LE CATEAU-CAMBRESIS	59136	7039	3382	3657
LE DOULIEU	59180	1402	707	695
LE FAVRIL	59223	481	234	247
LE MAISNIL	59371	609	303	306
LE QUESNOY	59481	4994	2296	2698
LECELLES	59335	2653	1317	1336
LECLUSE	59336	1442	712	730
LEDERZEELE	59337	592	309	283
LEDRINGHEM	59338	673	348	325
LEERS	59339	2576	1200	1376
LEERS	59339	3820	1873	1947
LEERS	59339	2890	1387	1503
LEFFRINCKOUCKE	59340	4482	2179	2303
LES MOËRES	59404	808	385	423
LES RUES-DES-VIGNES	59517	697	332	365
LESDAIN	59341	408	198	210
LESQUIN	59343	6394	3080	3314
LEVAL	59344	2326	1130	1196
LEWARDE	59345	2739	1327	1412
LEZ-FONTAINE	59342	215	107	108
LEZENNES	59346	3064	1451	1613
LIESSIES	59347	556	284	272
LIEU-SAINT-AMAND	59348	1260	614	646
LIGNY-EN-CAMBRESIS	59349	1787	871	916
LILLE	59350	227560	108257	119303
LIMONT-FONTAINE	59351	575	285	290
LINSELLES	59352	8257	3918	4339
LOCQUIGNOL	59353	346	180	166
LOFFRE	59354	755	374	381
LOMPRET	59356	2335	1149	1186
LOOBERGHE	59358	1180	592	588
LOON-PLAGE	59359	6302	3112	3190
LOOS	59360	21592	10712	10880
LOURCHES	59361	3908	1850	2058
LOUVIGNIES-QUESNOY	59363	955	475	480
LOUVIL	59364	850	439	411
LOUVROIL	59365	6830	3345	3485
LYNDE	59366	691	362	329
LYS-LEZ-LANNOY	59367	12950	6258	6692
MAING	59369	3987	1906	2081
MAIRIEUX	59370	774	391	383
MALINCOURT	59372	508	257	251
MARBAIX	59374	472	239	233
MARCHIENNES	59375	4742	2306	2436
MARCOING	59377	1830	909	921
MARCQ-EN-BAROEUL	59378	38947	18150	20797
MARCQ-EN-OSTREVENT	59379	585	287	298
MARESCHES	59381	895	442	453
MARETZ	59382	1487	729	758
MARLY	59383	11871	5662	6209
MAROILLES	59384	1436	718	718
MARPENT	59385	2669	1317	1352
MARQUETTE-EN-OSTREVANT	59387	1676	825	851
MARQUETTE-LEZ-LILLE	59386	9797	4630	5167
MARQUILLIES	59388	1992	1002	990
MASNIERES	59389	2626	1278	1348
MASNY	59390	4361	2091	2270
MASTAING	59391	909	455	455
MAUBEUGE	59392	31046	14973	16073
MAULDE	59393	957	489	468
MAUROIS	59394	422	200	222
MAZINGHIEN	59395	321	165	156
MECQUIGNIES	59396	652	329	323
MERCKEGHEM	59397	574	291	283
MERIGNIES	59398	2485	1262	1223
MERRIS	59399	1065	492	573
MERVILLE	59400	8993	4409	4584
METEREN	59401	2146	1067	1079
MILLAM	59402	783	393	390
MILLONFOSSE	59403	664	322	342
MOEUVRES	59405	447	231	216
MONCEAU-SAINT-WAAST	59406	512	255	257
MONCHAUX-SUR-ECAILLON	59407	551	283	268
MONCHEAUX	59408	1448	717	731
MONCHECOURT	59409	2575	1283	1292
MONS-EN-BAROEUL	59410	21887	10495	11392
MONS-EN-PEVELE	59411	2139	1042	1097
MONTAY	59412	350	168	182
MONTIGNY-EN-CAMBRESIS	59413	585	302	283
MONTIGNY-EN-OSTREVENT	59414	4872	2293	2579
MONTRECOURT	59415	233	109	124
MORBECQUE	59416	2658	1350	1308
MORTAGNE-DU-NORD	59418	1621	795	826
MOUCHIN	59419	1368	680	688
MOUSTIER-EN-FAGNE	59420	61	33	28
MOUVAUX	59421	13566	6470	7096
NAVES	59422	605	304	301
NEUF-BERQUIN	59423	1241	598	643
NEUF-MESNIL	59424	1254	611	643
NEUVILLE-EN-AVESNOIS	59425	291	138	153
NEUVILLE-EN-FERRAIN	59426	10132	4946	5186
NEUVILLE-SAINT-REMY	59428	3744	1766	1978
NEUVILLE-SUR-ESCAUT	59429	2560	1240	1320
NEUVILLY	59430	1049	526	523
NIEPPE	59431	7587	3680	3907
NIERGNIES	59432	497	247	250
NIEURLET	59433	980	500	480
NIVELLE	59434	1283	644	639
NOMAIN	59435	2464	1225	1239
NOORDPEENE	59436	788	392	396
NOYELLES-LES-SECLIN	59437	879	417	462
NOYELLES-SUR-ESCAUT	59438	766	387	379
NOYELLES-SUR-SAMBRE	59439	314	165	149
NOYELLES-SUR-SELLE	59440	768	376	392
OBIES	59441	704	349	355
OBRECHIES	59442	259	115	144
OCHTEZEELE	59443	341	169	172
ODOMEZ	59444	898	448	450
OHAIN	59445	1292	641	651
OISY	59446	564	268	296
ONNAING	59447	8709	4187	4522
OOST-CAPPEL	59448	528	270	258
ORCHIES	59449	8178	3862	4316
ORS	59450	653	331	322
ORSINVAL	59451	524	267	257
OSTRICOURT	59452	5225	2519	2706
OUDEZEELE	59453	668	340	328
OXELAËRE	59454	510	250	260
PAILLENCOURT	59455	991	490	501
PECQUENCOURT	59456	6154	2976	3178
PERENCHIES	59457	8104	3861	4243
PERONNE-EN-MELANTOIS	59458	871	445	426
PETIT-FAYT	59461	295	152	143
PETITE-FORET	59459	4958	2366	2592
PHALEMPIN	59462	4457	2098	2359
PITGAM	59463	918	465	453
POIX-DU-NORD	59464	2107	1037	1070
POMMEREUIL	59465	761	383	378
PONT-À-MARCQ	59466	2634	1304	1330
PONT-SUR-SAMBRE	59467	2586	1234	1352
POTELLE	59468	361	184	177
PRADELLES	59469	365	188	177
PREMESQUES	59470	2164	1089	1075
PRESEAU	59471	1870	912	958
PREUX-AU-BOIS	59472	837	410	427
PREUX-AU-SART	59473	289	145	144
PRISCHES	59474	996	501	495
PROUVY	59475	2290	1171	1119
PROVILLE	59476	3350	1606	1744
PROVIN	59477	4129	1992	2137
QUAËDYPRE	59478	1146	585	561
QUAROUBLE	59479	3091	1503	1588
QUERENAING	59480	945	470	475
QUESNOY-SUR-DEÛLE	59482	7126	3498	3628
QUIEVELON	59483	154	72	82
QUIEVRECHAIN	59484	5998	2903	3095
QUIEVY	59485	1742	867	875
RÂCHES	59486	2740	1327	1413
RADINGHEM-EN-WEPPES	59487	1343	658	685
RAILLENCOURT-SAINTE-OLLE	59488	2358	1140	1218
RAIMBEAUCOURT	59489	4126	2008	2118
RAINSARS	59490	211	105	106
RAISMES	59491	12754	6189	6565
RAMILLIES	59492	588	296	292
RAMOUSIES	59493	241	116	125
RAUCOURT-AU-BOIS	59494	176	89	87
RECQUIGNIES	59495	2347	1143	1204
REJET-DE-BEAULIEU	59496	246	131	115
RENESCURE	59497	2071	1031	1040
REUMONT	59498	379	188	191
REXPOËDE	59499	1849	926	923
RIBECOURT-LA-TOUR	59500	373	183	190
RIEULAY	59501	1382	644	738
RIEUX-EN-CAMBRESIS	59502	1524	734	790
ROBERSART	59503	186	100	86
ROEULX	59504	3686	1806	1880
ROMBIES-ET-MARCHIPONT	59505	761	369	392
ROMERIES	59506	435	220	215
RONCHIN	59507	18120	8613	9507
RONCQ	59508	12848	6175	6673
ROOST-WARENDIN	59509	6193	3035	3158
ROSULT	59511	1863	935	928
ROUBAIX	59512	94713	45855	48858
ROUCOURT	59513	394	191	203
ROUSIES	59514	4222	2062	2160
ROUVIGNIES	59515	659	331	328
RUBROUCK	59516	940	475	465
RUESNES	59518	440	220	220
RUMEGIES	59519	1580	780	800
RUMILLY-EN-CAMBRESIS	59520	1449	721	728
SAILLY-LEZ-CAMBRAI	59521	450	206	244
SAILLY-LEZ-LANNOY	59522	1776	870	906
SAINGHIN-EN-MELANTOIS	59523	2493	1214	1279
SAINGHIN-EN-WEPPES	59524	5533	2598	2935
SAINS-DU-NORD	59525	3004	1436	1568
SAINT-AMAND-LES-EAUX	59526	16697	7890	8807
SAINT-ANDRE-LEZ-LILLE	59527	11336	5412	5924
SAINT-AUBERT	59528	1520	743	777
SAINT-AUBIN	59529	374	183	191
SAINT-AYBERT	59530	358	173	185
SAINT-BENIN	59531	355	178	177
SAINT-GEORGES-SUR-L'AA	59532	308	160	148
SAINT-HILAIRE-LEZ-CAMBRAI	59533	1643	797	846
SAINT-HILAIRE-SUR-HELPE	59534	780	397	383
SAINT-JANS-CAPPEL	59535	1632	826	806
SAINT-MARTIN-SUR-ECAILLON	59537	526	260	266
SAINT-MOMELIN	59538	412	201	211
SAINT-PIERRE-BROUCK	59539	984	487	497
SAINT-PYTHON	59541	991	483	508
SAINT-REMY-CHAUSSEE	59542	492	241	251
SAINT-REMY-DU-NORD	59543	1193	600	593
SAINT-SAULVE	59544	10983	5070	5913
SAINT-SOUPLET	59545	1290	673	617
SAINT-SYLVESTRE-CAPPEL	59546	1105	547	558
SAINT-VAAST-EN-CAMBRESIS	59547	887	446	441
SAINT-WAAST	59548	614	303	311
SAINTE-MARIE-CAPPEL	59536	834	412	422
SALESCHES	59549	315	163	152
SALOME	59550	2981	1435	1546
SAMEON	59551	1514	745	769
SANCOURT	59552	201	102	99
SANTES	59553	5618	2752	2866
SARS-ET-ROSIERES	59554	528	275	253
SARS-POTERIES	59555	1473	686	787
SASSEGNIES	59556	270	136	134
SAULTAIN	59557	2058	996	1062
SAULZOIR	59558	1701	836	865
SEBOURG	59559	1890	883	1007
SECLIN	59560	12295	5843	6452
SEMERIES	59562	540	282	258
SEMOUSIES	59563	240	121	119
SEPMERIES	59565	587	298	289
SEQUEDIN	59566	4385	2303	2082
SERANVILLERS-FORENVILLE	59567	330	167	163
SERCUS	59568	411	206	205
SIN-LE-NOBLE	59569	16257	7730	8527
SOCX	59570	964	493	471
SOLESMES	59571	4605	2251	2354
SOLRE-LE-CHÂTEAU	59572	1801	834	967
SOLRINNES	59573	125	63	62
SOMAIN	59574	12506	5996	6510
SOMMAING	59575	338	172	166
SPYCKER	59576	1594	781	813
STAPLE	59577	681	350	331
STEENBECQUE	59578	1743	870	873
STEENE	59579	1272	626	646
STEENVOORDE	59580	4055	2010	2045
STEENWERCK	59581	3471	1733	1738
STRAZEELE	59582	773	385	388
TAISNIERES-EN-THIERACHE	59583	466	230	236
TAISNIERES-SUR-HON	59584	926	475	451
TEMPLEMARS	59585	3158	1484	1674
TEMPLEUVE	59586	5786	2783	3003
TERDEGHEM	59587	554	281	273
TETEGHEM	59588	7072	3508	3564
THIANT	59589	2560	1232	1328
THIENNES	59590	796	393	403
THIVENCELLE	59591	820	409	411
THUMERIES	59592	3916	1955	1961
THUN-L'EVEQUE	59593	658	326	332
THUN-SAINT-AMAND	59594	1136	567	569
THUN-SAINT-MARTIN	59595	531	278	253
TILLOY-LEZ-CAMBRAI	59597	589	297	292
TILLOY-LEZ-MARCHIENNES	59596	556	289	267
TOUFFLERS	59598	3989	1912	2077
TOURCOING	59599	91923	43944	47979
TOURMIGNIES	59600	687	339	348
TRELON	59601	3090	1503	1587
TRESSIN	59602	1262	622	640
TRITH-SAINT-LEGER	59603	6446	3128	3318
TROISVILLES	59604	823	408	415
UXEM	59605	1324	670	654
VALENCIENNES	59606	43335	20995	22340
VENDEGIES-AU-BOIS	59607	493	244	249
VENDEGIES-SUR-ECAILLON	59608	1121	575	546
VENDEVILLE	59609	1634	824	810
VERCHAIN-MAUGRE	59610	903	455	448
VERLINGHEM	59611	2385	1169	1216
VERTAIN	59612	467	238	229
VICQ	59613	1438	693	745
VIESLY	59614	1458	692	766
VIEUX-BERQUIN	59615	2504	1219	1285
VIEUX-CONDE	59616	10494	5002	5492
VIEUX-MESNIL	59617	577	296	281
VIEUX-RENG	59618	853	424	429
VILLENEUVE-D'ASCQ	59009	63572	30772	32800
VILLEREAU	59619	944	456	488
VILLERS-AU-TERTRE	59620	608	293	315
VILLERS-EN-CAUCHIES	59622	1247	624	624
VILLERS-GUISLAIN	59623	726	361	365
VILLERS-OUTREAUX	59624	2182	1093	1089
VILLERS-PLOUICH	59625	414	213	201
VILLERS-POL	59626	1235	605	630
VILLERS-SIRE-NICOLE	59627	995	502	493
VOLCKERINCKHOVE	59628	503	241	262
VRED	59629	1348	670	678
WAHAGNIES	59630	2588	1246	1342
WALINCOURT-SELVIGNY	59631	2087	1002	1085
WALLERS	59632	5577	2627	2950
WALLERS-EN-FAGNE	59633	299	146	153
WALLON-CAPPEL	59634	889	460	429
WAMBAIX	59635	306	145	161
WAMBRECHIES	59636	9745	4644	5101
WANDIGNIES-HAMAGE	59637	1254	632	622
WANNEHAIN	59638	1031	510	521
WARGNIES-LE-GRAND	59639	1067	543	524
WARGNIES-LE-PETIT	59640	788	398	390
WARHEM	59641	2064	1051	1013
WARLAING	59642	566	289	277
WARNETON	59643	211	105	106
WASNES-AU-BAC	59645	573	274	299
WASQUEHAL	59646	20046	9344	10702
WATTEN	59647	2608	1204	1404
WATTIGNIES	59648	13223	6153	7070
WATTIGNIES-LA-VICTOIRE	59649	258	130	128
WATTRELOS	59650	41541	19801	21740
WAVRECHAIN-SOUS-DENAIN	59651	1638	793	845
WAVRECHAIN-SOUS-FAULX	59652	440	222	218
WAVRIN	59653	7641	3765	3876
WAZIERS	59654	7615	3660	3955
WEMAERS-CAPPEL	59655	250	124	126
WERVICQ-SUD	59656	4696	2263	2433
WEST-CAPPEL	59657	586	307	279
WICRES	59658	382	179	203
WIGNEHIES	59659	3099	1507	1592
WILLEMS	59660	3015	1525	1490
WILLIES	59661	166	82	84
WINNEZEELE	59662	1215	620	595
WORMHOUT	59663	5229	2545	2684
WULVERDINGHE	59664	287	151	136
WYLDER	59665	320	170	150
ZEGERSCAPPEL	59666	1464	741	723
ZERMEZEELE	59667	194	103	91
ZUYDCOOTE	59668	1669	801	868
ZUYTPEENE	59669	557	289	268